35
16 15 1 1000
16 17 1 1000
6 14 1 1000
6 5 1 1000
17 16 1 1000
17 3 1 1000
17 18 1 1000
23 22 1 1000
23 19 1 1000
11 10 1 1000
7 1 1 1000
1 2 1 1000
1 7 1 1000
1 15 1 1000
21 6 1 1000
21 20 1 1000
10 11 1 1000
10 9 1 1000
10 4 1 1000
20 19 1 1000
20 21 1 1000
20 5 1 1000
8 9 1 1000
8 7 1 1000
18 3 1 1000
18 17 1 1000
18 22 1 1000
14 13 1 1000
14 6 1 1000
15 1 1 1000
5 19 1 1000
5 4 1 1000
5 6 1 1000
5 20 1 1000
3 4 1 1000
3 2 1 1000
3 18 1 1000
3 17 1 1000
12 13 1 1000
12 4 1 1000
9 10 1 1000
9 8 1 1000
22 18 1 1000
22 23 1 1000
2 3 1 1000
2 1 1 1000
2 8 1 1000
4 5 1 1000
4 3 1 1000
4 10 1 1000
16 15 2 1000
16 17 2 1000
6 14 2 1000
6 5 2 1000
6 21 2 1000
23 22 2 965
23 19 2 1000
17 16 2 1000
17 3 2 965
17 18 2 1000
21 6 2 1000
21 20 2 1000
11 10 2 1000
11 12 2 1000
10 11 2 965
10 9 2 965
10 4 2 965
7 1 2 1000
7 8 2 1000
1 2 2 1000
1 7 2 1000
1 15 2 1000
13 12 2 1000
19 23 2 1000
19 20 2 1000
19 5 2 1000
5 19 2 965
5 4 2 965
5 6 2 965
5 20 2 965
14 13 2 1000
14 6 2 965
8 9 2 1000
8 7 2 1000
8 2 2 1000
3 4 2 1000
3 2 2 1000
3 18 2 1000
3 17 2 1000
9 10 2 1000
9 8 2 1000
20 19 2 965
20 21 2 1000
20 5 2 1000
15 1 2 1000
15 16 2 1000
18 3 2 1000
18 17 2 1000
18 22 2 1000
22 18 2 1000
22 23 2 1000
2 3 2 1000
2 1 2 1000
2 8 2 965
4 5 2 1000
4 3 2 1000
4 10 2 1000
12 13 2 965
12 4 2 1000
12 11 2 1000
6 14 3 1000
6 5 3 1000
6 21 3 1000
16 15 3 1000
16 17 3 1000
17 16 3 965
17 3 3 966
17 18 3 1000
11 10 3 965
11 12 3 965
7 1 3 1000
7 8 3 1000
23 22 3 966
23 19 3 1000
21 6 3 1000
21 20 3 1000
10 11 3 966
10 9 3 966
10 4 3 966
1 2 3 1000
1 7 3 965
1 15 3 965
8 9 3 965
8 7 3 965
8 2 3 1000
13 12 3 1000
13 14 3 1000
3 4 3 1000
3 2 3 1000
3 18 3 1000
3 17 3 1000
14 13 3 1000
14 6 3 966
15 1 3 965
15 16 3 965
19 23 3 1000
19 20 3 965
19 5 3 1000
9 10 3 1000
9 8 3 1000
5 19 3 931
5 4 3 931
5 6 3 931
5 20 3 931
4 5 3 1000
4 3 3 1000
4 10 3 1000
4 12 3 1000
22 18 3 1000
22 23 3 1000
2 3 3 1000
2 1 3 1000
2 8 3 966
18 3 3 1000
18 17 3 1000
18 22 3 1000
20 19 3 966
20 21 3 1000
20 5 3 1000
12 13 3 966
12 4 3 965
12 11 3 1000
6 14 4 965
6 5 4 965
6 21 4 965
17 16 4 966
17 3 4 967
17 18 4 1000
7 1 4 1000
7 8 4 1000
11 10 4 966
11 12 4 966
8 9 4 966
8 7 4 966
8 2 4 1000
16 15 4 1000
16 17 4 1000
21 6 4 1000
21 20 4 1000
23 22 4 932
23 19 4 965
13 12 4 965
13 14 4 965
14 13 4 1000
14 6 4 967
22 18 4 965
22 23 4 965
3 4 4 965
3 2 4 965
3 18 4 965
3 17 4 965
10 11 4 967
10 9 4 967
10 4 4 967
1 2 4 965
1 7 4 966
1 15 4 931
9 10 4 1000
9 8 4 1000
5 19 4 933
5 4 4 933
5 6 4 933
5 20 4 933
19 23 4 1000
19 20 4 966
19 5 4 1000
4 5 4 965
4 3 4 965
4 10 4 965
4 12 4 965
15 1 4 966
15 16 4 931
20 19 4 967
20 21 4 965
20 5 4 1000
2 3 4 1000
2 1 4 1000
2 8 4 967
18 3 4 1000
18 17 4 1000
18 22 4 1000
12 13 4 967
12 4 4 966
12 11 4 1000
8 9 5 967
8 7 5 932
8 2 5 1000
7 1 5 965
7 8 5 965
13 12 5 931
13 14 5 931
6 14 5 966
6 5 5 966
6 21 5 966
21 6 5 1000
21 20 5 1000
17 16 5 967
17 3 5 968
17 18 5 1000
11 10 5 932
11 12 5 967
16 15 5 1000
16 17 5 965
23 22 5 934
23 19 5 966
22 18 5 931
22 23 5 931
14 13 5 965
14 6 5 933
5 19 5 935
5 4 5 935
5 6 5 935
5 20 5 935
10 11 5 968
10 9 5 968
10 4 5 968
1 2 5 966
1 7 5 932
1 15 5 933
3 4 5 966
3 2 5 966
3 18 5 966
3 17 5 966
4 5 5 966
4 3 5 966
4 10 5 966
4 12 5 931
9 10 5 965
9 8 5 1000
18 3 5 1000
18 17 5 1000
18 22 5 1000
12 13 5 968
12 4 5 967
12 11 5 1000
15 1 5 932
15 16 5 898
20 19 5 933
20 21 5 931
20 5 5 965
19 23 5 1000
19 20 5 932
19 5 5 1000
2 3 5 965
2 1 5 965
2 8 5 933
8 9 6 933
8 7 6 899
8 2 6 965
7 1 6 966
7 8 6 931
13 12 6 933
13 14 6 898
21 6 6 965
21 20 6 965
11 10 6 934
11 12 6 933
6 14 6 967
6 5 6 967
6 21 6 932
17 16 6 933
17 3 6 934
17 18 6 965
4 5 6 967
4 3 6 967
4 10 6 932
4 12 6 933
16 15 6 1000
16 17 6 931
14 13 6 931
14 6 6 935
22 18 6 933
22 23 6 933
10 11 6 969
10 9 6 969
10 4 6 934
9 10 6 966
9 8 6 1000
15 1 6 899
15 16 6 866
23 22 6 936
23 19 6 967
1 2 6 967
1 7 6 934
1 15 6 935
5 19 6 937
5 4 6 902
5 6 6 902
5 20 6 937
18 3 6 1000
18 17 6 1000
18 22 6 1000
12 13 6 969
12 4 6 968
12 11 6 1000
20 19 6 900
20 21 6 933
20 5 6 966
3 4 6 967
3 2 6 967
3 18 6 967
3 17 6 967
2 3 6 966
2 1 6 966
2 8 6 935
19 23 6 965
19 20 6 934
19 5 6 965
8 9 7 935
8 7 7 902
8 2 7 966
7 1 7 967
7 8 7 933
6 14 7 968
6 5 7 968
6 21 7 934
11 10 7 901
11 12 7 900
13 12 7 900
13 14 7 866
21 6 7 966
21 20 7 966
4 5 7 968
4 3 7 933
4 10 7 934
4 12 7 935
14 13 7 898
14 6 7 902
23 22 7 903
23 19 7 933
1 2 7 968
1 7 7 901
1 15 7 937
17 16 7 935
17 3 7 936
17 18 7 966
16 15 7 1000
16 17 7 933
5 19 7 939
5 4 7 905
5 6 7 905
5 20 7 904
10 11 7 970
10 9 7 970
10 4 7 936
22 18 7 935
22 23 7 900
3 4 7 968
3 2 7 968
3 18 7 968
3 17 7 968
9 10 7 932
9 8 7 965
15 1 7 902
15 16 7 870
2 3 7 967
2 1 7 967
2 8 7 937
18 3 7 1000
18 17 7 1000
18 22 7 965
12 13 7 935
12 4 7 934
12 11 7 965
20 19 7 903
20 21 7 935
20 5 7 967
19 23 7 966
19 20 7 936
19 5 7 966
8 9 8 902
8 7 8 870
8 2 8 932
7 1 8 933
7 8 8 935
4 5 8 969
4 3 8 935
4 10 8 936
4 12 8 937
11 10 8 869
11 12 8 868
14 13 8 901
14 6 8 905
6 14 8 969
6 5 8 969
6 21 8 936
13 12 8 903
13 14 8 870
10 11 8 971
10 9 8 971
10 4 8 903
21 6 8 967
21 20 8 967
1 2 8 969
1 7 8 904
1 15 8 904
16 15 8 1000
16 17 8 935
23 22 8 906
23 19 8 935
5 19 8 941
5 4 8 908
5 6 8 908
5 20 8 872
17 16 8 937
17 3 8 903
17 18 8 967
22 18 8 937
22 23 8 903
3 4 8 969
3 2 8 969
3 18 8 969
3 17 8 969
20 19 8 906
20 21 8 937
20 5 8 968
2 3 8 933
2 1 8 968
2 8 8 939
15 1 8 905
15 16 8 839
9 10 8 934
9 8 8 966
12 13 8 902
12 4 8 901
12 11 8 931
19 23 8 932
19 20 8 903
19 5 8 932
18 3 8 965
18 17 8 965
18 22 8 931
8 9 9 905
8 7 9 874
8 2 9 899
7 1 9 935
7 8 9 937
6 14 9 970
6 5 9 970
6 21 9 938
11 10 9 873
11 12 9 872
4 5 9 970
4 3 9 937
4 10 9 938
4 12 9 939
14 13 9 904
14 6 9 873
21 6 9 968
21 20 9 968
13 12 9 906
13 14 9 874
22 18 9 939
22 23 9 906
10 11 9 937
10 9 9 972
10 4 9 871
1 2 9 935
1 7 9 907
1 15 9 907
23 22 9 909
23 19 9 937
16 15 9 1000
16 17 9 937
3 4 9 970
3 2 9 935
3 18 9 970
3 17 9 970
5 19 9 943
5 4 9 876
5 6 9 911
5 20 9 876
20 19 9 874
20 21 9 904
20 5 9 934
17 16 9 939
17 3 9 906
17 18 9 968
19 23 9 934
19 20 9 871
19 5 9 934
2 3 9 900
2 1 9 934
2 8 9 906
18 3 9 966
18 17 9 966
18 22 9 933
15 1 9 908
15 16 9 809
12 13 9 905
12 4 9 904
12 11 9 933
9 10 9 936
9 8 9 967
7 1 10 937
7 8 10 939
8 9 10 908
8 7 10 878
8 2 10 902
6 14 10 971
6 5 10 971
6 21 10 905
14 13 10 907
14 6 10 877
11 10 10 877
11 12 10 876
4 5 10 971
4 3 10 904
4 10 10 940
4 12 10 941
13 12 10 909
13 14 10 878
22 18 10 906
22 23 10 909
21 6 10 969
21 20 10 934
10 11 10 904
10 9 10 937
10 4 10 840
16 15 10 1000
16 17 10 939
5 19 10 944
5 4 10 880
5 6 10 914
5 20 10 880
1 2 10 902
1 7 10 910
1 15 10 910
20 19 10 843
20 21 10 872
20 5 10 901
17 16 10 941
17 3 10 909
17 18 10 969
23 22 10 912
23 19 10 939
19 23 10 936
19 20 10 840
19 5 10 936
18 3 10 967
18 17 10 967
18 22 10 935
3 4 10 936
3 2 10 937
3 18 10 971
3 17 10 936
2 3 10 903
2 1 10 936
2 8 10 909
15 1 10 876
15 16 10 780
12 13 10 873
12 4 10 907
12 11 10 935
9 10 10 938
9 8 10 968
8 9 11 911
8 7 11 882
8 2 11 905
7 1 11 939
7 8 11 941
4 5 11 972
4 3 11 907
4 10 11 942
4 12 11 943
6 14 11 937
6 5 11 937
6 21 11 873
14 13 11 875
14 6 11 846
21 6 11 970
21 20 11 936
22 18 11 874
22 23 11 877
10 11 11 907
10 9 11 939
10 4 11 845
11 10 11 846
11 12 11 880
13 12 11 912
13 14 11 882
5 19 11 910
5 4 11 849
5 6 11 917
5 20 11 884
16 15 11 965
16 17 11 941
1 2 11 905
1 7 11 913
1 15 11 878
20 19 11 848
20 21 11 876
20 5 11 904
2 3 11 906
2 1 11 903
2 8 11 877
3 4 11 903
3 2 11 939
3 18 11 972
3 17 11 938
19 23 11 938
19 20 11 845
19 5 11 938
23 22 11 880
23 19 11 906
17 16 11 943
17 3 11 912
17 18 11 970
18 3 11 968
18 17 11 968
18 22 11 937
12 13 11 842
12 4 11 910
12 11 11 937
15 1 11 880
15 16 11 787
9 10 11 940
9 8 11 934
8 9 12 914
8 7 12 886
8 2 12 908
7 1 12 906
7 8 12 943
6 14 12 939
6 5 12 939
6 21 12 877
21 6 12 971
21 20 12 938
4 5 12 972
4 3 12 910
4 10 12 909
4 12 12 944
14 13 12 879
14 6 12 851
22 18 12 878
22 23 12 881
11 10 12 851
11 12 12 884
13 12 12 915
13 14 12 886
10 11 12 910
10 9 12 906
10 4 12 850
16 15 12 966
16 17 12 943
5 19 12 913
5 4 12 854
5 6 12 919
5 20 12 853
20 19 12 853
20 21 12 880
20 5 12 907
2 3 12 909
2 1 12 871
2 8 12 881
17 16 12 909
17 3 12 880
17 18 12 971
1 2 12 908
1 7 12 916
1 15 12 882
3 4 12 906
3 2 12 941
3 18 12 972
3 17 12 905
23 22 12 849
23 19 12 874
18 3 12 934
18 17 12 934
18 22 12 904
19 23 12 940
19 20 12 815
19 5 12 940
9 10 12 942
9 8 12 936
12 13 12 847
12 4 12 913
12 11 12 904
15 1 12 849
15 16 12 759
21 6 13 972
21 20 13 940
7 1 13 909
7 8 13 944
8 9 13 917
8 7 13 889
8 2 13 876
14 13 13 848
14 6 13 821
6 14 13 941
6 5 13 941
6 21 13 881
4 5 13 972
4 3 13 913
4 10 13 877
4 12 13 945
11 10 13 821
11 12 13 888
13 12 13 917
13 14 13 889
5 19 13 916
5 4 13 859
5 6 13 886
5 20 13 858
10 11 13 878
10 9 13 874
10 4 13 820
22 18 13 847
22 23 13 850
2 3 13 912
2 1 13 840
2 8 13 885
17 16 13 912
17 3 13 849
17 18 13 972
1 2 13 911
1 7 13 883
1 15 13 886
20 19 13 858
20 21 13 849
20 5 13 910
16 15 13 932
16 17 13 909
19 23 13 907
19 20 13 786
19 5 13 907
3 4 13 874
3 2 13 943
3 18 13 972
3 17 13 908
15 1 13 854
15 16 13 767
23 22 13 854
23 19 13 878
18 3 13 936
18 17 13 936
18 22 13 907
9 10 13 909
9 8 13 903
12 13 13 852
12 4 13 916
12 11 13 872
21 6 14 972
21 20 14 942
8 9 14 884
8 7 14 857
8 2 14 845
7 1 14 912
7 8 14 945
4 5 14 972
4 3 14 916
4 10 14 846
4 12 14 946
6 14 14 943
6 5 14 943
6 21 14 885
14 13 14 853
14 6 14 827
5 19 14 883
5 4 14 828
5 6 14 854
5 20 14 827
11 10 14 827
11 12 14 891
13 12 14 919
13 14 14 892
22 18 14 852
22 23 14 855
10 11 14 882
10 9 14 878
10 4 14 826
1 2 14 879
1 7 14 887
1 15 14 889
17 16 14 880
17 3 14 854
17 18 14 937
2 3 14 880
2 1 14 845
2 8 14 889
20 19 14 862
20 21 14 854
20 5 14 878
3 4 14 878
3 2 14 944
3 18 14 972
3 17 14 911
16 15 14 899
16 17 14 877
19 23 14 910
19 20 14 758
19 5 14 910
18 3 14 938
18 17 14 938
18 22 14 910
9 10 14 912
9 8 14 906
15 1 14 859
15 16 14 775
12 13 14 857
12 4 14 918
12 11 14 876
23 22 14 859
23 19 14 882
8 9 15 888
8 7 15 862
8 2 15 850
21 6 15 972
21 20 15 944
7 1 15 915
7 8 15 946
4 5 15 937
4 3 15 883
4 10 15 816
4 12 15 912
5 19 15 852
5 4 15 799
5 6 15 824
5 20 15 798
11 10 15 833
11 12 15 859
22 18 15 857
22 23 15 860
14 13 15 858
14 6 15 833
6 14 15 944
6 5 15 944
6 21 15 889
13 12 15 921
13 14 15 895
17 16 15 884
17 3 15 859
17 18 15 939
10 11 15 851
10 9 15 847
10 4 15 797
1 2 15 883
1 7 15 890
1 15 15 892
20 19 15 866
20 21 15 859
20 5 15 847
2 3 15 884
2 1 15 815
2 8 15 892
16 15 15 902
16 17 15 846
3 4 15 882
3 2 15 945
3 18 15 972
3 17 15 914
9 10 15 880
9 8 15 909
18 3 15 940
18 17 15 940
18 22 15 913
15 1 15 828
15 16 15 747
19 23 15 878
19 20 15 731
19 5 15 878
23 22 15 828
23 19 15 851
12 13 15 862
12 4 15 920
12 11 15 880
21 6 16 937
21 20 16 910
8 9 16 891
8 7 16 866
8 2 16 855
7 1 16 917
7 8 16 912
4 5 16 939
4 3 16 852
4 10 16 822
4 12 16 915
5 19 16 857
5 4 16 806
5 6 16 830
5 20 16 805
11 10 16 838
11 12 16 863
14 13 16 827
14 6 16 803
1 2 16 887
1 7 16 858
1 15 16 895
13 12 16 923
13 14 16 898
22 18 16 827
22 23 16 864
6 14 16 910
6 5 16 910
6 21 16 857
17 16 16 888
17 3 16 828
17 18 16 941
10 11 16 856
10 9 16 852
10 4 16 804
20 19 16 870
20 21 16 863
20 5 16 852
2 3 16 888
2 1 16 821
2 8 16 895
16 15 16 905
16 17 16 851
18 3 16 942
18 17 16 942
18 22 16 916
9 10 16 849
9 8 16 877
3 4 16 851
3 2 16 946
3 18 16 972
3 17 16 917
23 22 16 834
23 19 16 856
15 1 16 834
15 16 16 755
19 23 16 882
19 20 16 740
19 5 16 882
12 13 16 866
12 4 16 922
12 11 16 884
8 9 17 894
8 7 17 870
8 2 17 860
21 6 17 939
21 20 17 913
4 5 17 941
4 3 17 857
4 10 17 828
4 12 17 917
7 1 17 884
7 8 17 880
14 13 17 833
14 6 17 809
5 19 17 827
5 4 17 812
5 6 17 835
5 20 17 776
11 10 17 843
11 12 17 867
6 14 17 878
6 5 17 878
6 21 17 862
1 2 17 890
1 7 17 862
1 15 17 898
22 18 17 833
22 23 17 868
17 16 17 891
17 3 17 799
17 18 17 943
13 12 17 890
13 14 17 866
20 19 17 874
20 21 17 867
20 5 17 857
10 11 17 826
10 9 17 822
10 4 17 775
2 3 17 891
2 1 17 827
2 8 17 898
18 3 17 944
18 17 17 944
18 22 17 918
9 10 17 854
9 8 17 881
16 15 17 908
16 17 17 856
3 4 17 856
3 2 17 947
3 18 17 972
3 17 17 919
15 1 17 804
15 16 17 728
23 22 17 804
23 19 17 861
19 23 17 851
19 20 17 714
19 5 17 851
12 13 17 870
12 4 17 924
12 11 17 853
8 9 18 897
8 7 18 874
8 2 18 864
7 1 18 888
7 8 18 884
21 6 18 941
21 20 18 916
14 13 18 838
14 6 18 815
1 2 18 893
1 7 18 866
1 15 18 901
4 5 18 943
4 3 18 862
4 10 18 834
4 12 18 919
5 19 18 798
5 4 18 783
5 6 18 805
5 20 18 748
11 10 18 848
11 12 18 836
10 11 18 832
10 9 18 828
10 4 18 782
6 14 18 847
6 5 18 882
6 21 18 831
17 16 18 894
17 3 18 806
17 18 18 944
20 19 18 878
20 21 18 871
20 5 18 862
13 12 18 858
13 14 18 835
22 18 18 838
22 23 18 872
18 3 18 910
18 17 18 910
18 22 18 885
2 3 18 894
2 1 18 798
2 8 18 901
9 10 18 859
9 8 18 850
16 15 18 911
16 17 18 861
3 4 18 861
3 2 18 913
3 18 18 972
3 17 18 921
15 1 18 775
15 16 18 702
19 23 18 821
19 20 18 724
19 5 18 856
23 22 18 810
23 19 18 865
12 13 18 839
12 4 18 891
12 11 18 858
21 6 19 908
21 20 19 918
7 1 19 856
7 8 19 853
14 13 19 808
14 6 19 786
8 9 19 900
8 7 19 843
8 2 19 833
5 19 19 805
5 4 19 790
5 6 19 811
5 20 19 756
10 11 19 837
10 9 19 834
10 4 19 789
1 2 19 861
1 7 19 835
1 15 19 869
11 10 19 853
11 12 19 841
4 5 19 944
4 3 19 866
4 10 19 839
4 12 19 921
20 19 19 882
20 21 19 840
20 5 19 866
22 18 19 808
22 23 19 841
17 16 19 862
17 3 19 777
17 18 19 910
6 14 19 817
6 5 19 886
6 21 19 836
13 12 19 862
13 14 19 840
18 3 19 913
18 17 19 913
18 22 19 889
2 3 19 897
2 1 19 805
2 8 19 904
9 10 19 828
9 8 19 820
15 1 19 782
15 16 19 677
16 15 19 914
16 17 19 865
3 4 19 865
3 2 19 881
3 18 19 937
3 17 19 923
19 23 19 827
19 20 19 733
19 5 19 861
23 22 19 781
23 19 19 834
12 13 19 809
12 4 19 859
12 11 19 827
21 6 20 911
21 20 20 920
7 1 20 826
7 8 20 858
5 19 20 811
5 4 20 797
5 6 20 817
5 20 20 764
11 10 20 858
11 12 20 846
10 11 20 842
10 9 20 839
10 4 20 796
20 19 20 886
20 21 20 845
20 5 20 870
8 9 20 903
8 7 20 813
8 2 20 838
14 13 20 779
14 6 20 793
1 2 20 865
1 7 20 840
1 15 20 873
17 16 20 866
17 3 20 784
17 18 20 913
22 18 20 779
22 23 20 846
4 5 20 945
4 3 20 835
4 10 20 809
4 12 20 923
6 14 20 823
6 5 20 889
6 21 20 841
13 12 20 831
13 14 20 810
2 3 20 900
2 1 20 776
2 8 20 907
18 3 20 916
18 17 20 916
18 22 20 892
16 15 20 917
16 17 20 834
3 4 20 869
3 2 20 885
3 18 20 939
3 17 20 925
15 1 20 754
15 16 20 653
9 10 20 799
9 8 20 826
19 23 20 798
19 20 20 707
19 5 20 830
23 22 20 753
23 19 20 804
12 13 20 815
12 4 20 863
12 11 20 798
11 10 21 862
11 12 21 851
7 1 21 832
7 8 21 862
21 6 21 914
21 20 21 922
8 9 21 906
8 7 21 819
8 2 21 808
1 2 21 869
1 7 21 845
1 15 21 877
14 13 21 786
14 6 21 800
5 19 21 782
5 4 21 804
5 6 21 823
5 20 21 772
20 19 21 889
20 21 21 850
20 5 21 874
10 11 21 847
10 9 21 809
10 4 21 803
22 18 21 786
22 23 21 851
17 16 21 835
17 3 21 756
17 18 21 881
6 14 21 794
6 5 21 857
6 21 21 811
4 5 21 911
4 3 21 805
4 10 21 780
4 12 21 890
13 12 21 801
13 14 21 781
2 3 21 868
2 1 21 748
2 8 21 875
18 3 21 883
18 17 21 918
18 22 21 895
16 15 21 884
16 17 21 839
15 1 21 762
15 16 21 665
3 4 21 873
3 2 21 854
3 18 21 941
3 17 21 927
23 22 21 761
23 19 21 775
9 10 21 806
9 8 21 832
19 23 21 805
19 20 21 717
19 5 21 835
12 13 21 786
12 4 21 867
12 11 21 805
21 6 22 917
21 20 22 924
5 19 22 754
5 4 22 775
5 6 22 794
5 20 22 744
7 1 22 837
7 8 22 831
1 2 22 873
1 7 22 850
1 15 22 881
20 19 22 857
20 21 22 820
20 5 22 843
11 10 22 866
11 12 22 856
17 16 22 840
17 3 22 764
17 18 22 885
14 13 22 793
14 6 22 807
10 11 22 852
10 9 22 815
10 4 22 809
22 18 22 758
22 23 22 821
8 9 22 874
8 7 22 790
8 2 22 779
6 14 22 801
6 5 22 862
6 21 22 817
4 5 22 879
4 3 22 811
4 10 22 752
4 12 22 893
18 3 22 887
18 17 22 920
18 22 22 898
13 12 22 772
13 14 22 753
16 15 22 888
16 17 22 844
15 1 22 735
15 16 22 641
2 3 22 872
2 1 22 756
2 8 22 844
3 4 22 877
3 2 22 859
3 18 22 943
3 17 22 929
23 22 22 769
23 19 22 782
9 10 22 812
9 8 22 837
19 23 22 811
19 20 22 726
19 5 22 805
12 13 22 793
12 4 22 871
12 11 22 811
1 2 23 877
1 7 23 855
1 15 23 885
7 1 23 807
7 8 23 836
5 19 23 762
5 4 23 782
5 6 23 801
5 20 23 717
10 11 23 822
10 9 23 821
10 4 23 780
21 6 23 919
21 20 23 926
20 19 23 862
20 21 23 826
20 5 23 813
22 18 23 766
22 23 23 827
17 16 23 845
17 3 23 772
17 18 23 889
8 9 23 878
8 7 23 797
8 2 23 786
11 10 23 870
11 12 23 861
14 13 23 800
14 6 23 813
4 5 23 848
4 3 23 817
4 10 23 725
4 12 23 896
6 14 23 807
6 5 23 866
6 21 23 823
18 3 23 890
18 17 23 922
18 22 23 901
16 15 23 891
16 17 23 849
15 1 23 744
15 16 23 653
13 12 23 744
13 14 23 726
23 22 23 742
23 19 23 789
9 10 23 783
9 8 23 807
2 3 23 876
2 1 23 764
2 8 23 849
3 4 23 881
3 2 23 863
3 18 23 944
3 17 23 931
19 23 23 817
19 20 23 735
19 5 23 811
12 13 23 765
12 4 23 875
12 11 23 817
1 2 24 881
1 7 24 860
1 15 24 889
7 1 24 813
7 8 24 841
21 6 24 921
21 20 24 928
22 18 24 739
22 23 24 798
5 19 24 770
5 4 24 789
5 6 24 807
5 20 24 726
17 16 24 850
17 3 24 779
17 18 24 892
10 11 24 793
10 9 24 792
10 4 24 787
4 5 24 818
4 3 24 788
4 10 24 699
4 12 24 864
11 10 24 839
11 12 24 830
8 9 24 847
8 7 24 769
8 2 24 758
20 19 24 866
20 21 24 797
20 5 24 784
14 13 24 807
14 6 24 819
18 3 24 893
18 17 24 924
18 22 24 904
6 14 24 813
6 5 24 870
6 21 24 829
15 1 24 752
15 16 24 665
16 15 24 859
16 17 24 854
13 12 24 752
13 14 24 735
23 22 24 716
23 19 24 761
9 10 24 790
9 8 24 813
2 3 24 880
2 1 24 772
2 8 24 854
19 23 24 788
19 20 24 709
19 5 24 782
3 4 24 885
3 2 24 867
3 18 24 945
3 17 24 933
12 13 24 773
12 4 24 879
12 11 24 823
1 2 25 850
1 7 25 829
1 15 25 857
7 1 25 819
7 8 25 846
21 6 25 923
21 20 25 895
22 18 25 748
22 23 25 805
17 16 25 855
17 3 25 751
17 18 25 895
8 9 25 817
8 7 25 742
8 2 25 731
20 19 25 870
20 21 25 804
20 5 25 791
5 19 25 778
5 4 25 796
5 6 25 778
5 20 25 735
10 11 25 765
10 9 25 764
10 4 25 759
4 5 25 789
4 3 25 795
4 10 25 709
4 12 25 833
11 10 25 844
11 12 25 835
18 3 25 861
18 17 25 891
18 22 25 872
14 13 25 813
14 6 25 825
15 1 25 760
15 16 25 676
6 14 25 819
6 5 25 874
6 21 25 834
16 15 25 863
16 17 25 859
23 22 25 725
23 19 25 769
13 12 25 725
13 14 25 709
9 10 25 797
9 8 25 819
2 3 25 884
2 1 25 779
2 8 25 859
19 23 25 795
19 20 25 719
19 5 25 789
3 4 25 889
3 2 25 871
3 18 25 946
3 17 25 935
12 13 25 780
12 4 25 883
12 11 25 829
21 6 26 890
21 20 26 863
7 1 26 825
7 8 26 851
22 18 26 756
22 23 26 776
17 16 26 860
17 3 26 759
17 18 26 898
1 2 26 855
1 7 26 834
1 15 26 862
5 19 26 785
5 4 26 803
5 6 26 785
5 20 26 744
20 19 26 874
20 21 26 810
20 5 26 798
8 9 26 823
8 7 26 716
8 2 26 740
4 5 26 761
4 3 26 767
4 10 26 684
4 12 26 803
10 11 26 738
10 9 26 772
10 4 26 767
11 10 26 849
11 12 26 840
14 13 26 819
14 6 26 831
18 3 26 865
18 17 26 894
18 22 26 876
6 14 26 790
6 5 26 878
6 21 26 839
13 12 26 734
13 14 26 719
15 1 26 733
15 16 26 652
16 15 26 867
16 17 26 863
23 22 26 699
23 19 26 777
9 10 26 769
9 8 26 790
2 3 26 853
2 1 26 751
2 8 26 828
19 23 26 802
19 20 26 728
19 5 26 796
3 4 26 892
3 2 26 840
3 18 26 947
3 17 26 937
12 13 26 752
12 4 26 852
12 11 26 834
7 1 27 831
7 8 27 856
21 6 27 893
21 20 27 832
1 2 27 860
1 7 27 804
1 15 27 866
22 18 27 764
22 23 27 783
17 16 27 829
17 3 27 732
17 18 27 901
5 19 27 792
5 4 27 774
5 6 27 792
5 20 27 752
11 10 27 854
11 12 27 845
10 11 27 747
10 9 27 779
10 4 27 740
20 19 27 843
20 21 27 781
20 5 27 770
8 9 27 829
8 7 27 725
8 2 27 714
4 5 27 734
4 3 27 740
4 10 27 660
4 12 27 774
14 13 27 825
14 6 27 836
6 14 27 797
6 5 27 882
6 21 27 844
18 3 27 869
18 17 27 897
18 22 27 880
13 12 27 708
13 14 27 728
15 1 27 742
15 16 27 664
16 15 27 871
16 17 27 867
23 22 27 674
23 19 27 749
2 3 27 823
2 1 27 724
2 8 27 799
9 10 27 777
9 8 27 797
19 23 27 808
19 20 27 737
19 5 27 803
3 4 27 860
3 2 27 810
3 18 27 948
3 17 27 939
12 13 27 760
12 4 27 857
12 11 27 839
21 6 28 896
21 20 28 837
7 1 28 836
7 8 28 861
1 2 28 829
1 7 28 775
1 15 28 835
5 19 28 799
5 4 28 781
5 6 28 799
5 20 28 760
17 16 28 834
17 3 28 706
17 18 28 904
22 18 28 772
22 23 28 790
11 10 28 859
11 12 28 850
4 5 28 743
4 3 28 749
4 10 28 671
4 12 28 781
8 9 28 799
8 7 28 734
8 2 28 724
10 11 28 720
10 9 28 786
10 4 28 714
6 14 28 769
6 5 28 851
6 21 28 814
20 19 28 848
20 21 28 788
20 5 28 778
18 3 28 838
18 17 28 865
18 22 28 884
14 13 28 831
14 6 28 841
16 15 28 875
16 17 28 871
13 12 28 683
13 14 28 702
15 1 28 751
15 16 28 675
23 22 28 650
23 19 28 722
2 3 28 829
2 1 28 698
2 8 28 806
9 10 28 784
9 8 28 804
3 4 28 864
3 2 28 816
3 18 28 949
3 17 28 941
19 23 28 779
19 20 28 746
19 5 28 809
12 13 28 768
12 4 28 862
12 11 28 844
21 6 29 899
21 20 29 842
7 1 29 841
7 8 29 865
5 19 29 806
5 4 29 788
5 6 29 806
5 20 29 768
1 2 29 834
1 7 29 782
1 15 29 805
17 16 29 839
17 3 29 716
17 18 29 872
8 9 29 806
8 7 29 743
8 2 29 733
22 18 29 744
22 23 29 797
11 10 29 863
11 12 29 855
4 5 29 751
4 3 29 757
4 10 29 682
4 12 29 788
20 19 29 818
20 21 29 795
20 5 29 750
6 14 29 777
6 5 29 856
6 21 29 785
10 11 29 729
10 9 29 793
10 4 29 724
14 13 29 836
14 6 29 846
16 15 29 844
16 17 29 840
13 12 29 659
13 14 29 712
18 3 29 843
18 17 29 869
18 22 29 888
2 3 29 834
2 1 29 708
2 8 29 812
23 22 29 662
23 19 29 696
15 1 29 759
15 16 29 686
9 10 29 756
9 8 29 775
3 4 29 868
3 2 29 822
3 18 29 950
3 17 29 943
19 23 29 786
19 20 29 754
19 5 29 815
12 13 29 776
12 4 29 866
12 11 29 849
21 6 30 902
21 20 30 847
5 19 30 777
5 4 30 760
5 6 30 777
5 20 30 776
7 1 30 846
7 8 30 834
1 2 30 839
1 7 30 789
1 15 30 811
22 18 30 752
22 23 30 804
8 9 30 812
8 7 30 716
8 2 30 742
17 16 30 809
17 3 30 690
17 18 30 841
20 19 30 824
20 21 30 802
20 5 30 723
6 14 30 784
6 5 30 861
6 21 30 792
4 5 30 759
4 3 30 730
4 10 30 658
4 12 30 795
11 10 30 867
11 12 30 825
16 15 30 849
16 17 30 845
14 13 30 841
14 6 30 816
10 11 30 703
10 9 30 800
10 4 30 698
18 3 30 848
18 17 30 873
18 22 30 891
13 12 30 670
13 14 30 722
23 22 30 673
23 19 30 671
2 3 30 839
2 1 30 718
2 8 30 818
15 1 30 767
15 16 30 696
3 4 30 837
3 2 30 793
3 18 30 916
3 17 30 909
9 10 30 764
9 8 30 782
19 23 30 793
19 20 30 762
19 5 30 821
12 13 30 783
12 4 30 870
12 11 30 854
